Gender,AGE,Urea,Cr,Chol,TG,HDL,LDL,VLDL,BMI,CLASS,HbA1c
F,44,4.3,49,5.6,1.4,1.4,3.6,0.6,22.0,N,Non-Diabetic
M,53,2.7,38,4.8,1.3,1.7,1.6,2.0,26.0,Y,Diabetic
M,68,2.9,35,4.9,2.1,2.3,1.8,0.8,33.0,Y,Diabetic
M,55,3.2,49,4.6,1.2,1.3,2.8,0.5,30.2,Y,Diabetic
F,54,5.9,74,5.5,1.3,1.6,1.7,1.9,27.0,Y,Diabetic
M,52,5.3,95,4.9,4.9,0.9,2.8,2.2,28.0,Y,Diabetic
M,35,4.8,64,3.7,1.0,1.2,2.0,7.2,27.3,Y,Diabetic
F,36,7.5,82,5.5,2.5,0.7,4.1,0.6,24.0,Y,Diabetic
F,58,4.5,53,5.5,3.2,3.2,1.4,1.5,35.0,Y,Diabetic
M,60,4.1,78,3.8,0.7,0.7,2.8,0.3,35.0,Y,Diabetic
M,40,5.0,63,4.8,2.5,1.1,2.7,1.1,23.0,N,Non-Diabetic
M,50,4.7,53,4.2,2.2,0.8,2.5,0.9,24.0,P,Pre-Diabetic
M,58,4.0,55,4.0,3.9,1.5,1.4,1.4,28.0,Y,Diabetic
M,55,9.0,66,5.7,2.6,0.7,4.1,1.1,38.0,Y,Diabetic
M,55,6.7,56,6.2,1.6,1.35,0.95,0.6,36.6,Y,Diabetic
F,55,11.7,136,5.2,1.5,1.1,3.5,0.7,29.0,Y,Diabetic
M,55,4.4,56,4.9,2.1,1.1,2.5,0.9,28.0,Y,Diabetic
M,73,4.3,79,5.3,1.4,1.5,3.2,0.6,27.0,Y,Pre-Diabetic
F,56,3.0,48,6.5,3.4,0.9,2.6,1.2,33.0,Y,Diabetic
F,54,2.0,37,5.0,1.2,1.6,0.9,1.5,26.0,Y,Diabetic
M,55,3.7,93,3.2,1.9,0.6,1.8,0.8,30.0,Y,Diabetic
M,63,7.9,88,4.7,2.0,1.4,4.2,1.5,33.0,Y,Diabetic
M,48,4.1,79,6.1,5.7,1.1,2.1,0.7,34.0,Y,Diabetic
F,47,3.7,48,4.7,1.6,1.0,2.4,0.7,22.0,N,Non-Diabetic
M,61,4.1,44,6.4,11.6,1.1,0.7,5.2,31.0,Y,Diabetic
F,50,4.7,46,4.2,0.9,2.4,1.4,0.5,24.0,N,Non-Diabetic
M,53,5.2,59,4.9,2.1,0.9,3.2,0.9,30.0,Y,Diabetic
M,55,4.6,77,6.0,1.5,1.3,4.1,0.6,30.0,Y,Pre-Diabetic
F,55,4.5,42,3.8,0.9,1.5,2.0,0.2,30.0,Y,Diabetic
M,68,7.1,79,3.7,3.7,0.8,1.4,1.6,31.0,Y,Diabetic
M,54,4.2,48,2.4,1.0,1.0,0.9,0.7,33.0,Y,Pre-Diabetic
M,69,10.3,185,4.9,1.9,1.2,3.0,0.7,37.0,Y,Diabetic
M,61,3.8,62,6.8,4.3,1.2,3.9,1.9,29.0,Y,Diabetic
M,61,7.8,89,4.9,1.7,1.0,3.2,0.7,31.0,Y,Diabetic
F,42,5.0,73,6.2,1.0,1.1,4.6,0.4,24.0,N,Non-Diabetic
M,47,4.6,55,4.6,0.8,0.9,4.2,4.1,24.0,N,Non-Diabetic
F,56,8.5,92,4.8,1.7,1.3,2.8,0.7,35.0,Y,Pre-Diabetic
F,65,5.0,97,3.4,1.6,0.7,2.0,0.7,26.0,Y,Diabetic
M,33,3.3,76,2.4,1.9,0.8,2.5,13.1,21.17,Y,Diabetic
F,51,4.3,53,2.8,2.0,1.2,0.8,0.9,33.0,Y,Pre-Diabetic
F,50,4.7,46,4.2,0.9,2.4,1.4,0.5,24.0,N,Non-Diabetic
F,44,4.0,32,5.3,1.8,0.9,3.6,0.9,25.0,Y,Non-Diabetic
F,56,5.1,72,4.4,2.1,1.1,2.5,0.9,26.0,Y,Diabetic
M,55,5.1,71,3.2,1.4,1.0,3.0,2.0,33.0,Y,Diabetic
F,59,4.7,55,3.4,1.8,1.1,1.8,0.8,26.0,Y,Diabetic
M,42,5.4,53,5.9,3.7,1.3,3.1,1.7,23.0,P,Pre-Diabetic
F,60,4.5,39,5.2,2.1,0.8,3.6,0.9,27.0,Y,Diabetic
M,51,4.5,88,4.1,1.5,0.9,2.7,1.1,20.0,N,Non-Diabetic
M,36,3.3,70,4.9,2.5,0.9,1.9,0.7,20.0,N,Non-Diabetic
F,53,4.5,68,5.4,3.8,1.9,3.0,0.7,39.0,Y,Diabetic
F,35,3.6,61,4.3,1.3,0.8,1.3,1.0,24.0,N,Non-Diabetic
f,55,4.1,34,5.4,1.6,1.6,3.1,0.7,33.0,Y,Diabetic
M,55,4.9,33,3.9,0.6,1.3,2.3,0.3,32.0,Y,Diabetic
M,54,3.0,67,4.8,1.7,1.3,2.8,0.7,26.0,Y,Diabetic
M,60,6.2,87,4.8,1.6,0.8,1.2,0.5,35.0,Y,Non-Diabetic
F,55,11.7,136,5.2,1.5,1.1,3.5,0.7,29.0,Y,Diabetic
F,60,3.6,36,5.9,2.0,1.0,1.5,1.5,36.0,Y,Diabetic
F,44,4.6,54,6.8,2.9,1.1,4.5,1.3,23.0,Y,Diabetic
F,55,4.3,56,3.8,2.6,1.0,2.1,1.6,30.0,Y,Diabetic
F,45,2.3,24,2.9,1.0,1.0,1.5,0.4,21.0,N,Non-Diabetic
M,61,6.5,78,6.5,2.4,1.7,1.8,1.5,37.0,Y,Diabetic
M,60,3.0,55,4.2,4.9,1.6,1.7,1.0,33.0,Y,Diabetic
F,50,3.3,70,3.7,0.9,1.2,2.7,0.6,24.0,N,Non-Diabetic
M,57,4.8,72,4.5,1.6,2.1,1.9,0.7,34.0,Y,Diabetic
F,56,2.3,36,4.8,1.0,1.4,2.9,0.4,30.0,Y,Diabetic
F,55,8.5,59,3.3,1.7,0.9,1.7,0.8,32.0,Y,Diabetic
F,63,2.8,54,4.2,1.1,1.7,1.4,2.0,36.0,Y,Diabetic
M,55,5.7,76,5.5,1.5,0.7,4.1,0.7,29.0,Y,Diabetic
F,54,3.8,32,3.4,0.8,1.4,1.6,1.5,27.0,Y,Diabetic
M,57,5.3,66,3.7,2.9,1.1,5.5,1.3,36.0,Y,Diabetic
M,56,5.0,84,5.0,1.7,1.45,1.9,0.7,33.0,Y,Diabetic
M,42,5.4,53,5.9,3.7,1.3,3.1,1.7,23.0,P,Pre-Diabetic
M,61,6.6,72,5.6,1.9,1.3,1.2,0.7,28.0,Y,Diabetic
F,61,2.1,23,4.1,4.2,1.2,1.4,1.1,28.0,Y,Diabetic
M,60,5.5,70,9.9,3.5,1.0,7.5,1.5,31.0,Y,Diabetic
F,32,3.6,28,3.8,2.0,2.4,3.8,1.0,24.0,N,Non-Diabetic
M,33,3.3,76,2.4,1.9,0.8,2.5,13.1,21.17,Y,Diabetic
F,55,6.2,52,5.6,3.7,1.3,1.5,2.0,36.0,Y,Diabetic
F,50,6.3,88,4.5,1.2,1.8,4.1,1.2,22.0,N,Non-Diabetic
M,55,5.1,61,4.6,1.5,0.8,2.1,0.6,30.0,Y,Diabetic
F,61,13.2,98,6.6,4.5,1.6,0.9,2.0,26.0,Y,Diabetic
F,61,7.1,45,6.6,2.6,1.1,4.4,1.1,31.0,Y,Diabetic
M,54,5.9,71,5.4,1.3,1.7,3.1,0.6,32.0,Y,Diabetic
F,66,3.2,46,4.2,1.0,1.4,2.4,0.4,26.0,Y,Diabetic
F,33,1.8,31,3.7,1.2,1.6,1.5,0.5,31.5,Y,Diabetic
M,56,4.2,70,4.2,2.6,1.8,4.0,1.5,31.0,Y,Diabetic
M,61,4.7,58,4.4,2.1,0.7,2.9,0.9,26.0,Y,Pre-Diabetic
M,60,4.5,62,4.1,1.6,1.1,5.6,1.0,33.0,Y,Diabetic
M,52,3.0,60,3.8,3.2,0.8,1.7,1.4,33.0,Y,Diabetic
M,51,3.2,61,3.5,1.0,0.9,1.4,2.6,32.0,Y,Diabetic
F,62,4.8,52,3.7,0.8,0.8,2.6,0.3,33.0,Y,Diabetic
F,60,2.1,34,6.2,5.8,1.0,3.0,2.0,30.0,Y,Diabetic
M,55,4.9,56,3.0,0.3,1.3,1.5,0.1,30.0,Y,Diabetic
M,54,4.7,78,3.6,1.7,0.8,2.1,0.7,29.0,Y,Diabetic
F,60,3.0,42,5.8,0.9,1.0,4.4,0.4,27.0,Y,Pre-Diabetic
M,56,2.0,55,4.4,3.3,0.9,2.1,1.5,38.0,Y,Diabetic
M,58,8.2,81,6.0,3.0,1.1,0.8,0.5,35.0,Y,Diabetic
M,54,3.4,38,5.3,3.3,1.0,1.4,1.3,28.0,Y,Diabetic
M,48,4.7,47,2.9,0.8,0.9,1.6,0.4,24.0,N,Non-Diabetic
F,48,5.6,79,4.2,1.2,2.5,2.7,1.4,27.0,P,Pre-Diabetic
M,60,2.1,56,3.3,1.7,0.9,1.7,0.8,36.6,Y,Diabetic
M,55,3.33,79,4.1,2.03,1.08,2.2,14.0,33.6,Y,Diabetic
M,57,4.1,63,3.6,5.1,0.9,2.5,0.9,30.0,Y,Diabetic
F,58,3.9,40,4.1,1.0,0.9,1.7,1.7,26.0,Y,Diabetic
M,53,5.9,67,5.2,1.8,0.9,3.6,0.6,33.0,Y,Diabetic
M,61,4.3,70,6.6,2.9,1.1,4.3,1.3,29.0,Y,Diabetic
M,63,4.9,65,3.6,1.1,1.0,2.1,0.5,33.0,Y,Diabetic
F,56,7.7,68,6.1,3.2,0.7,4.1,1.4,27.0,Y,Diabetic
M,60,5.4,84,2.5,1.9,1.3,3.1,0.8,30.0,Y,Diabetic
F,64,5.3,48,3.5,1.4,1.1,1.7,0.6,31.0,Y,Diabetic
M,51,4.0,95,4.2,1.9,0.9,1.1,0.8,30.0,Y,Diabetic
F,58,5.8,41,5.0,4.5,1.1,2.2,2.0,37.0,Y,Diabetic
M,54,6.8,73,5.1,2.0,1.3,1.4,1.5,39.0,Y,Diabetic
M,55,4.0,64,5.3,3.6,0.7,3.1,1.6,32.0,Y,Diabetic
F,55,4.0,72,4.4,2.1,1.1,2.5,0.9,26.0,Y,Diabetic
M,55,4.6,54,4.9,2.2,0.7,3.3,1.0,27.0,Y,Diabetic
M,56,3.4,44,4.1,1.5,0.8,1.7,1.4,39.0,Y,Non-Diabetic
M,53,3.0,48,7.2,2.0,1.9,2.0,0.7,32.0,Y,Diabetic
F,60,3.2,87,4.6,4.0,0.9,3.0,1.8,39.0,Y,Diabetic
M,57,4.6,370,6.1,6.0,2.5,3.5,1.1,37.0,Y,Diabetic
F,50,6.0,61,4.4,2.7,1.3,3.1,1.1,21.0,N,Non-Diabetic
F,35,4.4,37,4.0,2.5,1.3,2.3,1.6,32.0,P,Pre-Diabetic
M,66,4.1,63,3.6,5.1,0.9,2.5,0.9,30.0,Y,Diabetic
M,62,4.1,63,3.6,5.1,0.9,2.5,0.9,30.0,Y,Diabetic
F,54,9.0,70,3.7,3.1,1.2,2.0,1.4,35.0,Y,Diabetic
M,52,3.4,52,3.5,2.0,2.0,0.9,1.5,32.0,Y,Diabetic
M,58,4.8,60,0.6,2.5,1.1,2.0,0.6,38.0,Y,Non-Diabetic
F,52,8.6,87,6.9,2.6,1.2,2.0,1.1,30.0,Y,Diabetic
F,61,4.6,40,7.2,4.9,1.35,1.4,1.5,28.0,Y,Diabetic
M,33,4.8,64,4.8,1.1,1.7,2.6,0.5,25.0,P,Pre-Diabetic
M,58,2.0,72,4.8,1.6,1.0,3.1,0.7,33.0,Y,Diabetic
F,56,5.5,48,5.8,2.4,0.9,3.9,1.1,30.0,Y,Diabetic
F,54,2.8,22,4.0,1.0,1.8,1.3,1.5,33.0,Y,Diabetic
M,57,4.1,63,3.6,5.1,0.9,2.5,0.9,30.0,Y,Diabetic
F,50,4.7,46,4.2,0.9,2.4,1.4,0.5,24.0,N,Non-Diabetic
M,54,9.9,159,5.2,1.6,1.0,3.5,0.7,27.0,Y,Diabetic
M,56,4.1,51,5.9,1.7,1.73,1.04,0.7,31.0,Y,Diabetic
F,59,3.1,66,3.1,2.2,2.4,2.8,1.0,31.0,Y,Diabetic
M,56,3.4,68,5.6,2.6,0.9,3.7,1.1,29.0,Y,Diabetic
M,55,4.66,70,7.3,1.6,1.2,5.5,11.3,36.11,Y,Diabetic
M,57,6.4,75,6.1,4.3,1.2,3.7,1.9,30.1,Y,Diabetic
M,55,6.66,73,3.5,3.2,0.9,1.3,22.2,43.25,Y,Diabetic
F,48,4.0,38,4.4,2.3,1.3,2.2,1.0,23.0,Y,Pre-Diabetic
F,39,3.0,38,4.7,1.3,1.1,3.1,0.6,22.0,P,Pre-Diabetic
M,55,5.7,76,5.5,1.5,0.7,4.1,0.7,29.0,Y,Diabetic
F,51,5.6,49,4.1,2.1,0.7,2.5,0.9,32.0,Y,Pre-Diabetic
F,53,3.3,48,5.1,3.0,0.9,2.9,1.3,37.0,Y,Diabetic
M,60,5.7,55,3.0,2.7,0.6,1.2,1.2,33.0,Y,Diabetic
M,30,5.5,79,3.9,1.6,0.9,3.3,0.8,24.5,N,Non-Diabetic
M,60,5.3,62,4.1,3.8,1.1,1.35,0.6,31.0,Y,Diabetic
F,45,3.1,54,5.9,1.8,1.6,3.5,0.8,24.0,Y,Non-Diabetic
F,60,6.0,72,4.4,2.1,1.1,2.5,0.9,26.0,Y,Diabetic
M,56,4.9,32,3.6,3.6,1.3,0.9,1.6,31.0,Y,Diabetic
F,31,3.9,6,4.4,1.8,1.1,2.6,0.8,22.0,N,Non-Diabetic
F,66,3.2,46,4.2,1.0,1.4,2.4,0.4,26.0,Y,Diabetic
F,30,5.7,53,5.4,1.7,1.4,3.3,0.7,22.0,P,Pre-Diabetic
M,55,2.9,44,4.1,1.0,1.1,2.1,0.5,29.0,Y,Diabetic
M,54,6.3,87,2.3,0.7,0.8,1.2,0.3,29.0,Y,Diabetic
M,52,7.8,315,3.5,1.3,1.0,1.6,1.4,33.0,Y,Diabetic
M,50,4.7,53,4.2,2.2,0.8,2.5,0.9,24.0,P,Pre-Diabetic
F,66,5.5,56,4.4,2.0,1.0,2.5,0.9,29.0,Y,Diabetic
F,59,6.2,68,5.5,2.2,0.7,2.0,1.5,33.0,Y,Diabetic
F,50,5.7,53,5.4,1.7,1.4,3.3,0.7,25.0,P,Pre-Diabetic
F,61,5.2,64,7.3,3.3,1.0,3.1,1.5,32.0,Y,Diabetic
M,30,5.0,80,4.5,1.8,1.2,2.6,12.7,34.6,Y,Diabetic
M,33,2.0,54,3.7,1.3,0.8,2.4,0.6,22.0,N,Non-Diabetic
M,51,5.3,49,5.6,5.5,0.7,2.6,2.0,31.0,Y,Diabetic
M,40,4.3,72,4.0,1.8,0.9,2.4,12.2,40.0,Y,Diabetic
M,55,5.66,61,4.7,1.19,1.1,3.1,8.1,32.9,Y,Diabetic
M,55,5.8,60,4.6,1.9,1.2,2.6,0.8,30.0,Y,Diabetic
M,45,3.6,80,6.1,3.7,0.7,3.9,1.7,22.0,Y,Non-Diabetic
F,56,2.8,36,6.5,4.4,1.85,0.75,2.0,36.6,Y,Diabetic
M,49,4.8,46,4.8,1.1,1.7,2.6,0.5,24.0,P,Pre-Diabetic
M,38,5.8,59,5.3,2.0,1.6,2.9,14.0,40.5,Y,Diabetic
F,50,2.0,50,3.6,1.3,0.9,2.1,0.6,24.0,N,Non-Diabetic
M,54,4.0,76,5.7,4.2,0.9,3.2,1.9,30.0,Y,Diabetic
M,60,2.7,35,4.4,2.0,0.6,3.0,0.9,27.0,Y,Diabetic
F,43,4.0,54,4.1,1.1,1.2,2.4,1.3,24.5,N,Non-Diabetic
M,60,5.4,64,3.8,1.5,0.8,2.3,0.6,31.0,Y,Diabetic
M,55,4.33,44,5.7,1.3,1.5,3.6,9.0,32.65,Y,Diabetic
M,60,6.6,76,4.7,2.3,1.4,1.6,0.6,26.0,Y,Diabetic
M,55,4.8,60,3.6,3.0,1.5,0.8,1.4,24.0,P,Pre-Diabetic
M,55,4.9,33,3.9,0.6,1.3,2.3,0.3,27.0,Y,Diabetic
F,59,3.8,91,4.2,2.0,2.3,0.9,1.4,38.0,Y,Pre-Diabetic
M,47,5.8,62,7.0,2.8,0.9,4.9,1.3,24.0,Y,Non-Diabetic
M,55,4.7,55,3.4,1.7,1.2,1.5,0.4,28.0,Y,Diabetic
M,52,5.4,56,4.9,2.1,1.1,2.5,0.9,28.0,Y,Diabetic
M,50,4.8,62,5.3,1.3,1.0,3.7,0.6,19.0,P,Pre-Diabetic
F,57,4.1,70,5.3,3.3,1.0,1.4,1.3,29.0,Y,Diabetic
M,57,3.6,56,5.4,1.5,1.1,3.7,0.7,31.0,Y,Diabetic
M,39,4.3,49,6.7,2.5,1.1,4.5,1.1,25.0,Y,Non-Diabetic
F,44,3.0,39,9.5,1.7,1.3,2.5,0.6,21.0,N,Non-Diabetic
F,60,5.6,72,4.4,2.1,1.1,2.5,0.9,26.0,Y,Diabetic
F,43,2.1,55,4.7,5.3,0.9,1.7,2.4,25.0,P,Pre-Diabetic
M,63,6.6,64,4.0,0.9,0.9,4.0,0.4,27.0,Y,Diabetic
F,49,2.3,52,3.1,1.3,1.0,2.5,0.7,22.0,N,Non-Diabetic
M,60,5.7,76,5.5,1.5,0.7,4.1,0.7,33.0,Y,Diabetic
F,59,3.5,48,6.3,2.7,0.9,1.6,0.3,35.0,Y,Diabetic
M,57,1.1,27,3.1,1.6,1.7,0.95,1.5,37.0,Y,Diabetic
M,30,7.1,81,4.1,1.1,1.2,2.4,8.1,27.4,Y ,Diabetic
F,39,3.2,55,4.6,1.3,1.0,3.0,0.6,21.0,N,Non-Diabetic
M,52,3.9,44,3.4,1.2,0.9,3.6,1.0,39.0,Y,Diabetic
F,60,5.9,41,2.8,2.7,0.5,1.1,1.2,28.0,Y,Diabetic
F,56,5.6,45,4.2,2.2,1.0,2.2,1.0,26.0,Y,Diabetic
F,54,5.3,45,5.7,3.3,0.8,3.6,1.5,27.0,Y,Diabetic
M,66,4.6,50,3.5,0.6,0.8,2.5,0.3,26.0,Y,Diabetic
M,55,5.4,62,4.2,3.7,1.0,1.6,1.7,34.0,Y,Diabetic
F,51,3.4,31,4.5,0.6,1.1,3.1,0.3,39.0,Y,Diabetic
F,45,4.0,57,4.3,0.9,1.1,4.2,0.4,22.0,N,Non-Diabetic
F,51,3.8,38,4.6,1.0,1.3,2.3,0.4,33.0,Y,Diabetic
M,57,8.9,120,4.2,3.9,1.4,1.3,1.5,29.0,Y,Pre-Diabetic
F,56,4.5,57,3.9,3.1,0.9,1.8,1.4,30.0,Y,Diabetic
F,60,4.1,56,4.4,2.0,1.0,2.5,0.9,29.0,Y,Diabetic
F,55,2.1,46,4.1,2.7,1.0,2.0,1.2,30.0,Y,Pre-Diabetic
M,54,2.9,79,5.0,3.2,1.8,1.7,2.0,30.0,Y,Diabetic
M,55,8.6,68,4.9,1.2,1.3,3.1,0.5,29.0,Y,Pre-Diabetic
F,54,8.7,120,4.0,1.8,1.7,1.8,1.5,31.0,Y,Diabetic
F,55,4.3,57,6.6,4.1,1.8,1.3,1.8,29.0,Y,Diabetic
F,60,4.9,51,2.6,2.7,0.9,1.2,1.5,31.0,Y,Diabetic
M,60,5.1,59,4.5,1.6,6.3,2.0,1.0,37.0,Y,Diabetic
F,49,2.2,28,5.0,1.3,1.2,3.3,0.6,24.0,N,Non-Diabetic
M,60,6.4,83,4.0,1.9,0.7,2.6,0.9,29.0,Y,Diabetic
M,63,3.9,58,4.8,2.0,1.4,2.0,0.9,30.0,Y,Pre-Diabetic
M,55,6.5,72,4.4,1.3,1.0,2.5,0.9,35.0,Y,Diabetic
M,61,3.0,39,3.9,0.7,0.8,2.8,0.3,30.0,Y,Diabetic
F,51,3.4,49,7.0,2.7,1.0,4.8,1.2,26.0,Y,Diabetic
M,63,6.6,106,4.8,1.7,1.1,3.0,0.7,20.0,N,Non-Diabetic
M,47,4.0,45,4.0,1.3,0.9,2.6,1.0,23.0,N,Non-Diabetic
F,60,3.8,44,7.0,2.2,0.5,1.0,1.5,29.0,Y,Diabetic
F,51,2.1,46,4.1,2.7,1.0,2.0,1.2,36.0,Y,Pre-Diabetic
M,54,5.0,67,3.8,1.7,1.1,3.0,0.7,33.0,Y,Diabetic
F,56,2.3,36,4.8,1.0,1.4,2.9,0.4,30.0,Y,Diabetic
M,55,4.8,63,3.4,0.7,1.1,2.0,0.3,30.0,Y,Diabetic
F,58,2.7,53,4.8,3.3,0.9,2.6,1.5,30.0,Y,Diabetic
M,55,3.8,46,4.3,1.5,1.0,2.6,0.7,35.0,Y,Pre-Diabetic
F,30,3.0,42,4.9,1.3,1.2,3.2,0.5,22.0,N,Non-Diabetic
F,47,3.5,65,6.3,2.2,1.1,2.8,0.8,23.0,Y,Non-Diabetic
M,52,8.0,66,4.0,1.1,0.8,3.5,0.8,28.0,Y,Diabetic
F,52,4.2,46,3.6,1.9,1.9,1.6,1.2,36.6,Y,Diabetic
F,60,3.2,31,6.1,2.6,0.9,4.1,1.1,39.0,Y,Diabetic
F,49,2.2,23,6.6,3.8,1.0,4.1,1.7,23.0,Y,Non-Diabetic
F,56,4.0,45,4.1,0.6,1.3,1.4,0.9,30.0,Y,Diabetic
F,60,5.0,70,8.6,3.5,1.8,5.3,1.6,29.0,Y,Diabetic
M,51,3.7,58,6.2,1.5,1.6,1.7,1.5,35.0,Y,Diabetic
F,63,4.8,52,4.8,1.5,1.0,3.1,0.6,28.0,Y,Diabetic
F,57,4.5,68,4.5,4.1,0.7,2.3,1.9,38.0,Y,Diabetic
M,54,4.3,63,3.6,5.1,0.9,2.5,0.9,30.0,Y,Diabetic
F,54,3.0,39,9.5,1.7,1.3,2.5,0.6,22.0,Y,Diabetic
M,59,5.2,56,4.9,2.1,1.1,2.5,0.9,28.0,Y,Diabetic
M,54,3.4,57,5.4,2.4,0.8,3.6,1.1,31.0,Y,Diabetic
F,67,4.5,56,4.4,2.0,1.0,2.5,0.9,29.0,Y,Diabetic
F,55,1.8,24,4.8,0.6,1.9,2.6,1.1,27.0,Y,Diabetic
M,55,5.7,76,5.5,1.5,0.7,4.1,0.7,29.0,Y,Diabetic
M,30,5.0,80,4.5,1.8,1.2,2.6,12.7,34.6,Y,Diabetic
F,60,2.0,45,7.2,2.2,1.0,2.2,1.1,27.0,Y,Diabetic
F,53,3.3,48,5.1,3.0,0.9,2.9,1.3,37.0,Y,Diabetic
F,60,4.8,44,3.5,1.8,1.4,1.4,0.8,27.0,Y,Diabetic
M,55,5.2,67,5.9,2.0,0.8,4.2,0.9,30.0,Y,Non-Diabetic
F,68,5.7,71,5.0,1.7,0.8,3.5,0.8,36.6,Y,Diabetic
F,52,6.4,88,8.5,0.8,6.6,1.3,1.3,33.0,Y,Diabetic
F,44,4.4,56,3.4,1.3,1.3,1.5,0.6,21.0,N,Non-Diabetic
M,50,4.7,53,4.2,2.2,0.8,2.5,0.9,25.0,P,Pre-Diabetic
F,61,5.1,72,4.4,2.1,1.1,2.5,0.9,26.0,Y,Diabetic
M,60,10.0,194,4.6,1.6,0.8,1.8,1.7,26.0,Y,Diabetic
F,54,3.5,66,4.8,2.0,2.4,1.6,0.9,33.0,Y,Diabetic
M,34,3.9,81,6.2,3.9,0.8,3.8,1.8,23.0,P,Pre-Diabetic
M,49,3.5,59,4.0,2.1,1.4,1.9,0.9,24.0,P,Pre-Diabetic
M,55,3.2,56,4.0,2.6,1.2,1.7,1.7,30.0,Y,Diabetic
M,55,4.2,68,4.8,3.1,0.4,2.4,1.4,33.0,Y,Diabetic
F,55,4.4,68,4.6,2.2,0.9,2.4,1.0,31.0,Y,Diabetic
F,63,2.4,66,7.1,4.1,1.5,3.8,1.0,38.0,Y,Diabetic
F,60,7.5,70,3.4,5.3,1.1,3.6,0.8,24.0,N,Non-Diabetic
F,55,4.1,34,5.4,1.6,1.6,3.1,0.7,33.0,Y,Diabetic
M,50,5.5,97,3.2,1.8,1.6,0.9,0.8,21.0,N,Non-Diabetic
M,52,7.8,315,3.5,1.3,1.0,1.6,1.4,33.0,Y,Diabetic
M,55,4.8,88,5.7,4.0,0.9,3.3,1.8,30.0,Y,Diabetic
M,51,4.4,57,9.8,1.9,1.1,7.9,0.8,37.0,Y,Diabetic
M,51,2.5,55,6.3,7.2,1.2,3.3,2.8,35.0,Y,Diabetic
M,60,4.2,39,4.5,2.2,1.1,1.4,1.1,34.0,Y,Diabetic
M,54,5.1,56,4.9,2.1,1.1,2.5,0.9,28.0,Y,Diabetic
F,51,4.2,72,4.4,2.1,1.1,2.5,0.9,26.0,Y,Diabetic
F,44,7.3,132,5.2,1.9,2.5,3.0,0.7,21.0,N,Non-Diabetic
F,33,3.3,53,4.0,1.1,0.9,2.7,1.0,21.0,N,Non-Diabetic
M,55,3.7,93,3.2,1.9,0.6,1.8,0.8,31.0,Y,Diabetic
M,55,22.0,145,6.7,3.7,1.7,2.0,1.5,33.0,Y,Diabetic
M,43,4.1,44,4.7,1.9,1.4,2.6,0.8,21.0,N,Non-Diabetic
M,33,2.0,54,3.7,1.3,0.8,2.4,0.6,22.0,N,Non-Diabetic
F,55,5.6,58,4.0,3.1,1.0,2.6,1.4,35.0,Y,Diabetic
M,45,4.8,82,4.7,1.8,0.8,3.1,12.7,31.2,Y,Diabetic
F,54,2.5,35,5.6,3.0,1.1,4.2,1.4,39.0,Y,Diabetic
F,54,7.2,67,4.1,1.4,1.8,1.7,0.6,29.0,Y,Pre-Diabetic
F,51,4.2,72,4.4,2.1,1.1,2.5,0.9,26.0,Y,Diabetic
M,54,4.0,55,5.3,7.7,0.7,1.5,3.5,38.0,Y,Diabetic
F,59,4.7,58,4.5,1.8,1.8,1.8,1.3,22.5,N,Non-Diabetic
M,62,4.1,63,3.6,5.1,0.9,2.5,0.9,30.0,Y,Diabetic
M,43,5.4,62,5.9,2.0,1.1,3.9,0.9,21.0,Y,Non-Diabetic
M,54,6.1,63,5.2,2.3,0.9,0.9,1.1,33.0,Y,Diabetic
M,55,7.0,56,3.7,1.9,0.7,2.3,0.9,27.0,Y,Diabetic
M,55,6.1,80,5.6,2.1,0.9,3.8,0.4,26.0,Y,Diabetic
M,51,6.7,73,4.9,6.7,1.6,0.6,3.0,37.0,Y,Diabetic
M,54,7.4,84,4.1,2.2,0.9,2.2,1.0,29.0,Y,Diabetic
F,54,3.0,39,9.5,1.7,1.3,2.5,0.6,22.0,Y,Diabetic
F,54,4.3,44,5.4,2.0,1.0,3.5,0.9,27.3,Y,Diabetic
M,56,5.0,61,4.6,1.0,1.5,1.45,0.7,30.0,Y,Diabetic
M,60,5.4,68,6.0,2.9,1.0,3.8,1.3,26.0,Y,Diabetic
F,40,5.1,79,5.7,3.8,1.3,2.8,1.7,20.0,Y,Diabetic
M,60,4.2,39,4.5,2.2,0.8,1.4,1.1,34.0,Y,Diabetic
F,54,3.5,66,4.8,2.0,2.4,1.6,0.9,33.0,Y,Diabetic
M,35,6.3,53,5.5,2.1,1.0,3.6,0.9,33.0,Y,Pre-Diabetic
F,52,2.8,35,4.8,4.0,1.1,2.1,1.8,36.6,Y,Diabetic
F,63,8.7,93,5.9,2.2,1.2,3.7,1.0,29.0,Y,Diabetic
M,53,5.2,59,4.9,2.1,0.9,3.2,0.9,33.0,Y,Diabetic
F,55,5.6,58,4.0,3.1,1.0,2.6,1.4,35.0,Y,Diabetic
M,50,5.5,74,3.6,1.1,1.0,2.1,0.5,21.0,N,Non-Diabetic
F,61,3.3,31,5.8,2.6,1.6,0.9,1.5,36.0,Y,Diabetic
F,54,2.2,29,6.7,2.0,0.9,5.0,0.9,33.0,Y,Diabetic
F,39,4.2,45,4.4,1.7,2.8,0.7,0.6,25.0,Y,Non-Diabetic
M,49,3.9,65,5.1,1.7,3.9,0.8,1.6,24.0,Y,Non-Diabetic
M,64,8.8,106,5.9,2.1,1.2,4.0,1.2,32.0,Y,Diabetic
F,33,5.3,62,4.2,1.5,1.2,2.3,0.6,24.0,N,Non-Diabetic
F,58,4.3,56,4.4,2.0,1.0,2.5,0.9,29.0,Y,Diabetic
F,56,5.1,72,4.4,2.1,1.1,2.5,0.9,26.0,Y,Diabetic
F,44,3.6,59,5.4,2.4,1.1,3.2,1.1,23.0,Y,Diabetic
M,55,4.6,77,6.0,1.5,1.3,4.1,0.6,30.0,Y,Pre-Diabetic
M,53,5.6,72,8.8,4.3,1.5,3.5,1.2,29.0,Y,Diabetic
F,54,3.4,52,4.4,1.3,1.9,2.0,0.5,35.0,Y,Diabetic
M,51,5.2,63,6.7,2.1,1.8,1.3,1.0,33.0,Y,Diabetic
M,42,4.6,91,5.6,2.1,0.9,3.8,0.9,22.0,Y,Non-Diabetic
M,57,7.4,43,3.9,1.4,0.7,2.6,0.6,26.0,Y,Diabetic
F,77,5.0,106,3.9,2.1,1.2,4.2,1.1,24.0,N,Non-Diabetic
F,63,6.1,46,3.9,0.8,1.8,1.9,1.0,37.0,Y,Diabetic
M,59,5.2,38,4.9,1.2,0.9,3.4,0.6,23.0,N,Non-Diabetic
F,56,4.7,55,7.9,5.0,1.3,1.6,1.0,37.0,Y,Diabetic
M,73,4.3,67,4.2,1.9,1.95,9.9,0.7,34.0,Y,Diabetic
M,68,3.9,51,3.6,1.2,1.4,1.7,0.5,36.0,Y,Diabetic
M,60,5.1,60,4.5,1.7,0.9,2.9,0.7,31.0,Y,Diabetic
M,30,6.0,97,4.2,1.7,1.2,2.2,0.8,19.0,P,Pre-Diabetic
M,59,4.7,58,6.3,0.6,1.1,4.9,1.1,24.0,N,Non-Diabetic
M,60,5.1,62,6.1,3.8,1.1,3.5,1.7,38.0,Y,Diabetic
F,54,8.5,59,4.8,2.4,1.8,2.0,1.1,38.0,Y,Diabetic
M,38,4.0,67,5.2,2.0,1.1,3.2,14.0,47.0,Y,Diabetic
M,55,5.1,78,4.5,1.8,1.1,2.7,12.7,31.5,Y,Diabetic
M,69,5.9,71,5.4,1.3,1.7,3.1,0.6,33.0,Y,Diabetic
M,63,7.0,84,6.0,2.2,1.1,4.0,1.0,28.0,Y,Diabetic
F,49,3.3,44,5.6,1.9,0.75,1.35,0.8,23.0,P,Pre-Diabetic
F,51,4.1,41,3.9,1.2,0.8,2.7,0.4,33.0,Y,Diabetic
M,59,4.2,57,5.3,3.1,0.7,3.3,1.4,27.0,Y,Diabetic
M,61,4.1,57,3.7,1.5,0.7,4.6,2.0,33.0,Y,Diabetic
M,52,5.3,56,5.3,2.5,1.1,2.3,1.1,29.0,Y,Diabetic
M,50,5.0,74,2.0,0.8,0.6,1.0,0.4,25.0,P,Pre-Diabetic
M,50,5.0,74,2.0,0.8,0.6,1.0,0.4,24.0,P,Pre-Diabetic
F,54,6.0,61,5.2,3.4,3.2,1.5,1.5,33.0,Y,Diabetic
F,55,4.0,56,4.4,2.0,1.0,2.5,0.9,37.0,Y,Diabetic
F,50,4.5,32,3.4,0.7,1.1,2.0,0.3,22.0,N,Non-Diabetic
F,30,3.1,54,5.9,1.8,1.6,3.5,0.8,21.0,Y,Diabetic
M,55,5.1,70,5.2,1.9,1.3,3.1,0.9,31.0,Y,Diabetic
M,59,20.0,65,4.6,1.3,0.9,3.1,0.6,30.0,Y,Pre-Diabetic
F,55,2.1,46,4.1,2.7,1.0,2.0,1.2,30.0,Y,Pre-Diabetic
M,31,3.6,67,4.3,2.1,1.0,2.4,14.5,23.0,N,Non-Diabetic
F,55,5.1,66,4.0,1.5,1.4,1.9,0.6,37.0,Y,Diabetic
M,50,7.7,67,5.2,2.1,1.1,3.2,0.9,23.0,Y,Non-Diabetic
M,54,5.0,67,3.8,1.7,1.1,3.0,0.7,33.0,Y ,Diabetic
M,58,3.4,48,4.8,1.4,1.8,1.3,1.0,32.0,Y,Diabetic
F,55,4.7,34,5.1,4.5,0.6,2.7,2.0,34.0,Y,Diabetic
F,52,6.0,76,2.7,1.2,0.8,1.4,0.5,31.0,Y,Pre-Diabetic
M,61,5.9,56,4.9,2.1,1.1,2.5,0.9,28.0,Y,Diabetic
F,63,4.2,72,4.4,2.1,1.1,2.5,0.9,26.0,Y,Diabetic
F,56,5.5,48,5.8,2.4,0.9,3.9,1.1,36.6,Y,Diabetic
M,55,4.8,63,3.4,0.7,1.1,2.0,0.3,30.1,Y,Pre-Diabetic
M,50,3.3,70,5.5,1.5,2.2,2.6,0.6,22.0,Y,Diabetic
M,41,5.9,62,4.7,5.3,0.9,1.7,2.4,21.0,P,Pre-Diabetic
M,49,3.1,75,3.6,2.4,1.9,1.1,0.6,24.0,P,Pre-Diabetic
F,54,2.7,49,6.8,1.7,0.8,4.7,0.8,30.0,Y,Diabetic
M,44,3.1,49,4.9,1.7,1.4,2.8,0.8,24.0,N,Non-Diabetic
M,55,4.6,77,6.0,1.5,1.3,4.1,0.6,30.0,Y,Pre-Diabetic
M,55,4.8,77,5.7,4.0,0.9,3.3,1.8,30.0,Y,Diabetic
M,50,3.5,59,4.0,2.1,1.4,1.9,0.9,25.0,P,Pre-Diabetic
F,59,5.1,87,5.9,2.1,1.6,1.7,1.5,37.0,Y,Diabetic
M,55,5.66,61,4.7,1.19,1.1,3.1,8.1,32.9,Y,Diabetic
M,54,4.9,66,5.7,2.3,1.1,2.3,1.0,32.0,Y,Diabetic
M,60,6.5,30,5.9,3.4,0.8,3.7,0.5,30.0,Y,Diabetic
F,49,3.8,55,4.4,0.9,1.0,1.3,0.4,23.0,N,Non-Diabetic
M,61,5.5,70,5.5,3.0,1.6,1.7,0.8,32.0,Y,Diabetic
M,60,5.4,68,6.0,2.9,1.0,3.8,1.3,30.0,Y,Diabetic
F,60,5.0,60,3.1,2.2,1.3,1.4,1.0,32.0,Y,Diabetic
F,61,10.5,111,3.8,3.0,0.9,1.7,1.3,39.0,Y,Diabetic
M,61,3.0,42,6.0,3.1,1.0,3.7,1.4,27.0,Y,Diabetic
F,52,5.3,45,5.7,3.3,3.6,1.5,1.0,38.0,Y,Diabetic
M,44,3.8,74,3.7,1.5,1.1,2.0,0.7,24.0,N,Non-Diabetic
M,45,2.3,42,4.4,1.5,1.0,2.8,0.5,25.0,Y,Non-Diabetic
M,55,5.0,76,5.6,4.6,0.8,2.9,31.8,33.9,Y,Diabetic
M,55,4.7,53,5.7,3.5,0.7,3.6,1.6,25.6,Y,Diabetic
F,61,2.5,45,9.7,13.8,1.0,3.1,6.3,33.0,Y,Diabetic
F,59,4.2,41,4.0,1.1,2.3,1.1,0.5,39.0,Y,Diabetic
M,57,3.0,60,4.8,2.4,1.8,2.0,1.1,27.0,Y,Diabetic
M,39,5.0,106,3.7,2.0,0.8,2.1,0.9,19.5,P,Pre-Diabetic
M,61,5.7,92,2.6,1.1,0.9,2.0,0.7,38.0,Y,Pre-Diabetic
M,58,10.0,112,4.5,2.9,1.9,1.5,2.0,31.0,Y,Diabetic
M,55,5.4,56,4.9,2.1,1.1,2.5,0.9,28.0,Y,Diabetic
F,51,2.5,35,3.0,0.7,1.3,1.3,0.3,26.0,Y,Diabetic
F,30,3.0,42,4.9,1.3,1.2,3.2,0.5,22.0,N,Non-Diabetic
M,33,4.8,64,4.8,1.1,1.7,2.6,0.5,25.0,P,Pre-Diabetic
M,60,3.9,49,4.0,2.3,1.0,2.0,1.0,31.0,Y,Pre-Diabetic
M,73,4.3,79,5.3,1.4,1.5,3.2,0.6,27.0,Y,Pre-Diabetic
M,58,5.3,62,4.1,3.8,1.1,1.3,1.5,33.0,Y,Diabetic
M,54,6.3,106,5.5,2.9,1.1,1.3,1.1,23.0,Y,Diabetic
M,46,4.4,47,6.8,0.7,1.7,4.7,0.4,24.0,Y,Non-Diabetic
F,49,3.3,44,5.6,1.9,0.75,1.35,0.8,21.0,P,Pre-Diabetic
F,70,5.5,38,5.9,1.3,1.4,0.75,0.6,30.0,Y,Diabetic
M,54,5.8,76,5.1,1.2,1.8,1.9,0.7,33.0,Y,Diabetic
F,49,3.8,56,6.0,3.5,1.1,3.5,1.6,25.0,Y,Non-Diabetic
F,56,4.0,45,4.1,0.6,1.3,1.4,0.9,30.0,Y,Diabetic
F,55,6.0,43,2.4,1.3,0.4,1.4,0.6,32.0,Y,Diabetic
M,60,9.6,83,4.1,1.4,1.8,5.1,0.6,29.0,Y,Diabetic
M,57,2.5,55,6.3,7.2,1.2,3.3,2.8,35.0,Y,Diabetic
M,60,5.7,74,4.5,2.1,0.9,1.8,0.9,36.0,Y,Diabetic
F,20,4.6,70,4.1,1.8,1.0,2.3,0.8,30.0,Y,Diabetic
M,54,6.7,97,6.1,2.3,1.3,1.4,1.5,30.0,Y,Diabetic
F,60,5.0,70,5.2,3.3,1.4,0.6,3.0,27.0,Y,Diabetic
M,49,5.7,74,5.2,1.1,0.9,1.4,0.7,21.0,N,Non-Diabetic
F,76,2.4,41,5.3,1.7,1.0,3.5,0.8,29.0,Y,Diabetic
M,30,7.1,81,4.1,1.1,1.2,2.4,8.1,27.4,Y,Diabetic
F,58,6.0,66,5.7,1.3,1.4,4.9,0.6,24.0,Y,Diabetic
F,50,4.0,56,4.4,2.0,1.0,2.5,0.9,29.0,Y,Diabetic
F,50,5.9,53,5.3,0.8,1.1,4.1,0.3,21.0,N,Non-Diabetic
M,55,3.66,61,5.3,3.3,0.9,3.1,22.7,30.1,Y,Diabetic
F,44,3.0,39,9.5,1.7,1.3,2.5,0.6,21.0,N,Non-Diabetic
M,30,5.0,53,5.5,2.1,1.0,3.6,0.9,24.0,Y,Diabetic
F,61,3.4,38,3.9,2.8,1.2,1.5,1.3,26.0,Y,Diabetic
F,54,3.8,50,4.7,1.2,1.6,1.7,1.5,28.0,Y,Diabetic
M,50,5.0,106,7.3,4.0,1.1,2.7,1.3,21.0,Y,Diabetic
F,60,5.4,47,5.1,2.1,1.1,3.0,1.0,28.0,Y,Diabetic
M,58,20.8,800,6.6,2.9,1.1,4.3,1.3,33.0,Y,Diabetic
M,55,4.4,56,4.9,2.1,1.1,2.5,0.9,28.0,Y,Diabetic
M,76,4.1,52,3.3,1.6,1.2,1.4,0.7,31.0,Y,Diabetic
F,56,8.5,92,4.8,1.7,1.3,2.8,0.7,35.0,Y,Pre-Diabetic
M,30,4.8,80,5.5,1.8,1.2,3.5,0.8,19.0,N,Non-Diabetic
F,50,4.3,61,6.2,2.3,1.2,4.1,1.0,23.0,Y,Diabetic
M,54,6.3,87,2.3,0.7,0.8,1.2,0.3,34.0,Y,Diabetic
F,55,6.6,168,4.0,2.3,1.0,2.0,1.0,33.0,Y,Diabetic
F,55,2.3,36,4.8,1.0,1.4,2.9,0.4,36.6,Y,Diabetic
F,59,3.8,91,4.2,2.0,2.3,0.9,1.4,38.0,Y,Pre-Diabetic
M,46,2.0,54,3.7,1.3,0.8,2.4,0.6,21.0,N,Non-Diabetic
M,54,5.0,88,6.7,3.7,0.9,2.9,1.7,32.0,Y,Diabetic
M,59,14.0,65,4.6,1.3,0.9,3.1,0.6,30.0,Y,Pre-Diabetic
M,55,5.5,72,5.3,3.3,0.95,3.1,1.5,30.0,Y,Diabetic
M,30,4.6,106,6.8,3.2,0.7,3.6,1.3,23.0,Y,Diabetic
M,58,5.9,67,5.2,1.8,0.9,3.6,0.6,29.0,Y,Diabetic
M,55,6.66,61,4.1,2.03,1.08,2.2,14.0,37.62,Y,Diabetic
F,56,4.6,47,5.0,3.9,1.1,2.4,1.7,36.6,Y,Diabetic
M,40,7.1,74,4.4,1.4,1.3,2.5,10.0,28.3,Y,Diabetic
M,55,3.0,30,6.6,2.9,1.1,4.3,1.3,29.0,Y,Diabetic
F,45,2.2,38,4.1,1.8,1.0,2.3,0.8,30.0,Y,Diabetic
M,61,3.1,42,5.8,3.9,1.0,3.1,1.8,37.0,Y,Diabetic
M,50,9.0,150,5.4,5.3,0.7,2.7,1.2,21.0,Y,Diabetic
F,68,6.1,49,8.0,4.8,1.3,4.8,2.2,26.0,Y,Diabetic
F,56,5.6,46,5.6,5.8,1.6,1.7,1.0,35.0,Y,Diabetic
M,64,8.8,106,3.8,3.0,0.9,1.7,1.3,30.0,Y,Diabetic
M,45,5.3,77,3.9,1.5,1.3,2.0,10.4,29.5,Y,Diabetic
F,55,3.7,41,5.4,2.2,1.2,3.3,1.0,35.0,Y,Diabetic
M,54,4.0,88,4.4,2.9,0.6,2.5,1.3,28.0,P,Pre-Diabetic
M,52,4.4,38,3.9,1.3,1.6,1.7,0.6,35.0,Y,Diabetic
M,28,3.5,61,4.5,1.9,1.1,2.6,0.8,37.0,Y,Diabetic
F,64,2.2,89,6.7,2.0,0.9,5.0,0.9,30.0,Y,Diabetic
M,50,4.3,59,4.0,3.0,1.0,1.8,1.3,24.0,P,Pre-Diabetic
M,51,7.3,65,3.8,3.8,1.0,1.1,1.7,31.0,Y,Diabetic
M,67,13.3,107,3.0,2.2,0.8,1.3,1.0,27.0,Y,Diabetic
M,34,3.9,81,6.2,3.9,0.8,1.9,1.8,23.0,P,Pre-Diabetic
M,61,5.9,56,4.9,2.1,1.1,2.5,0.9,28.0,Y,Diabetic
M,55,3.2,56,4.0,2.6,1.2,1.7,1.7,30.0,Y,Diabetic
M,59,5.3,70,5.2,3.4,1.35,1.45,1.3,30.0,Y,Diabetic
F,60,3.8,34,4.3,3.0,1.4,2.5,2.0,32.0,Y,Diabetic
F,60,4.4,49,4.6,2.3,0.9,3.6,2.0,38.0,Y,Diabetic
F,61,4.3,56,4.4,2.0,1.0,2.5,0.9,29.0,Y,Diabetic
M,50,4.3,59,4.0,3.0,1.0,1.8,1.3,24.0,P,Pre-Diabetic
F,47,3.3,53,4.1,0.7,1.7,2.8,0.7,20.0,N,Non-Diabetic
M,30,17.1,344,4.9,1.6,1.7,2.5,0.7,21.0,P,Pre-Diabetic
M,55,3.66,67,5.6,1.91,1.3,3.5,13.1,39.18,Y,Diabetic
M,51,4.4,67,6.7,3.7,0.9,2.9,1.7,32.0,Y,Diabetic
F,48,4.0,38,4.4,2.3,1.3,2.2,1.0,25.0,Y,Diabetic
F,67,3.2,38,5.0,3.0,1.1,2.7,1.3,30.0,Y,Diabetic
M,55,3.9,51,3.6,1.2,1.4,1.7,0.5,30.0,Y,Diabetic
M,60,6.2,35,5.8,2.9,0.4,3.0,1.6,32.0,Y,Diabetic
M,43,2.6,67,3.8,0.9,2.4,3.7,1.0,21.0,N,Non-Diabetic
M,53,14.9,327,5.9,8.7,1.0,3.0,3.4,33.0,Y,Diabetic
F,38,2.0,20,3.0,1.2,0.6,2.0,0.5,21.0,N,Non-Diabetic
M,63,4.3,42,4.2,3.4,0.9,2.0,1.0,26.0,Y,Diabetic
M,51,6.1,56,4.9,2.1,1.1,2.5,0.9,28.0,Y,Diabetic
M,55,4.16,64,4.5,1.5,1.2,2.7,10.4,31.4,Y,Diabetic
F,66,14.1,146,5.8,3.3,1.0,3.4,1.5,33.0,Y,Diabetic
F,53,4.2,39,5.7,4.2,0.9,1.6,1.9,31.0,Y,Diabetic
F,53,4.7,53,6.2,1.7,1.1,4.3,0.8,30.0,Y,Diabetic
F,55,2.9,41,5.9,1.7,1.2,3.6,0.8,26.0,Y,Diabetic
M,55,4.16,30,6.12,3.5,1.03,3.6,24.5,27.33,Y,Diabetic
F,56,4.0,38,6.1,2.3,1.6,3.6,1.0,26.0,Y,Diabetic
F,55,2.7,52,4.6,1.7,1.0,2.9,0.8,30.0,Y,Diabetic
F,55,4.0,56,4.4,2.0,1.0,2.5,0.9,37.0,Y,Diabetic
M,55,5.4,85,5.2,1.8,1.3,3.2,0.8,30.0,Y,Diabetic
F,55,3.0,41,4.6,0.7,1.8,1.1,1.3,37.0,Y,Non-Diabetic
M,43,4.4,60,4.3,1.8,1.6,1.9,0.8,29.0,P,Pre-Diabetic
F,55,3.1,39,5.3,1.6,1.45,1.7,0.7,28.0,Y,Diabetic
M,51,3.9,53,3.6,1.1,0.8,2.3,1.0,29.0,Y,Diabetic
M,60,4.2,59,6.8,4.3,1.2,3.9,1.9,30.0,Y,Diabetic
F,57,3.7,36,5.9,1.6,1.2,4.0,0.7,33.0,Y,Diabetic
M,54,2.8,43,6.7,2.4,1.1,4.6,1.1,30.0,Y,Diabetic
F,63,4.2,72,4.4,2.1,1.1,2.5,0.9,26.0,Y,Diabetic
M,40,3.4,64,6.5,3.8,1.0,3.9,1.7,31.0,P,Pre-Diabetic
F,40,2.1,52,2.1,2.3,0.9,2.8,1.2,30.0,P,Pre-Diabetic
F,58,5.0,62,5.8,3.6,1.1,1.9,0.6,31.0,Y,Diabetic
F,55,3.1,39,5.9,2.1,1.2,4.0,1.2,32.0,Y,Diabetic
F,52,4.7,34,5.1,4.5,0.6,2.7,2.0,26.0,Y,Diabetic
F,55,2.1,39,4.4,1.9,1.5,1.6,1.5,39.0,Y,Diabetic
M,55,4.8,63,3.4,0.7,1.1,2.0,0.3,30.0,Y,Diabetic
F,61,4.1,55,4.8,2.2,1.4,2.0,1.0,35.0,Y,Diabetic
F,51,4.3,53,2.8,2.0,1.2,0.8,0.9,33.0,Y,Pre-Diabetic
M,30,4.8,80,5.5,1.8,1.2,3.5,0.8,25.0,Y,Non-Diabetic
F,39,3.0,46,4.7,1.3,1.1,3.1,0.6,24.0,P,Pre-Diabetic
F,42,2.3,52,5.2,2.8,3.1,1.3,0.9,24.0,Y,Diabetic
F,61,3.0,40,4.7,1.5,0.9,1.0,0.7,33.0,Y,Diabetic
M,50,3.5,59,4.0,2.1,1.4,1.9,0.9,25.0,P,Pre-Diabetic
F,28,3.5,61,5.6,2.1,0.9,3.8,0.4,26.0,Y,Diabetic
M,40,7.1,74,4.4,1.4,1.3,2.5,10.0,28.3,Y,Diabetic
M,62,5.0,63,3.6,5.1,0.9,2.5,0.9,30.0,Y,Diabetic
M,56,3.5,60,4.7,1.3,0.9,3.3,0.6,26.0,Y,Diabetic
F,52,2.0,34,6.0,1.2,1.1,2.0,0.5,33.0,Y,Pre-Diabetic
M,55,6.66,73,3.5,3.2,0.9,1.3,22.2,43.25,Y,Diabetic
M,50,4.3,59,4.0,2.4,1.0,1.8,0.7,24.0,P,Pre-Diabetic
M,38,4.0,67,5.2,2.0,1.1,3.2,14.0,47.0,Y,Diabetic
F,49,4.3,53,4.2,1.1,1.1,2.7,0.5,25.0,Y,Non-Diabetic
M,60,4.0,63,3.6,5.1,0.9,2.5,0.9,30.0,Y,Diabetic
M,60,6.6,76,4.7,2.3,1.4,1.6,0.6,26.0,Y,Diabetic
F,52,6.4,88,8.5,0.8,6.6,1.3,1.3,33.0,Y,Diabetic
F,55,5.7,88,6.5,3.4,0.9,2.6,1.2,33.0,Y,Diabetic
M,55,5.0,64,6.0,3.9,0.8,3.7,27.2,37.0,Y,Diabetic
M,55,2.0,51,5.2,2.3,1.2,4.3,1.4,22.0,Y,Pre-Diabetic
M,55,7.1,72,6.9,4.5,1.3,1.4,1.0,26.0,Y,Diabetic
M,73,6.1,83,5.0,3.3,1.3,2.4,1.5,33.0,Y,Diabetic
F,30,5.7,53,5.4,1.7,1.4,3.3,0.7,22.0,P,Pre-Diabetic
F,60,4.9,45,6.7,5.9,0.9,1.9,1.5,28.0,Y,Diabetic
M,55,3.66,67,5.6,1.91,1.3,3.5,13.1,39.18,Y,Diabetic
M,56,4.6,55,3.4,2.0,0.7,2.0,0.8,33.0,Y,Diabetic
F,55,2.4,36,4.3,2.4,1.8,1.3,1.5,29.0,Y,Diabetic
F,55,5.7,86,5.3,2.7,1.0,3.2,1.2,32.0,Y,Diabetic
F,31,4.8,52,5.5,2.1,1.0,3.6,0.9,33.0,Y,Pre-Diabetic
M,42,4.6,91,5.6,2.1,0.9,3.8,0.9,22.0,Y,Non-Diabetic
F,54,7.0,72,4.9,2.8,0.8,3.0,1.2,31.0,Y,Diabetic
F,60,8.5,92,2.1,2.3,0.9,2.8,1.2,30.0,Y,Diabetic
F,56,4.5,57,3.9,3.1,9.9,1.8,1.4,33.0,Y,Diabetic
M,54,10.4,126,4.4,1.3,1.4,1.0,2.0,37.0,Y,Diabetic
F,36,2.8,39,6.2,3.3,1.5,4.1,1.4,24.0,Y,Diabetic
M,59,6.8,62,4.5,1.2,0.9,3.1,0.5,33.0,Y,Diabetic
F,59,11.2,99,4.0,2.7,0.7,2.3,1.2,31.0,Y,Diabetic
F,55,3.5,32,5.3,1.5,0.7,3.9,0.7,26.0,Y,Diabetic
F,54,4.3,55,3.4,3.0,0.9,3.5,0.9,31.0,Y,Diabetic
M,75,10.3,113,4.5,2.4,1.1,2.5,1.1,30.0,Y,Diabetic
F,56,3.8,42,4.0,5.1,1.75,0.96,2.2,26.0,Y,Diabetic
M,55,5.1,78,4.5,1.8,1.1,2.7,12.7,31.5,Y,Diabetic
M,55,4.1,58,7.3,4.6,1.3,1.4,0.7,29.0,Y,Diabetic
F,55,4.0,72,4.4,2.1,1.1,2.5,0.9,26.0,Y,Diabetic
M,55,4.1,86,4.9,0.7,1.2,3.4,0.4,33.0,Y,Diabetic
M,49,5.0,74,2.0,0.8,0.6,1.0,0.4,25.0,P,Pre-Diabetic
F,55,4.5,34,4.7,2.5,0.2,3.4,1.1,28.36,Y,Diabetic
M,56,3.4,44,4.1,1.5,0.8,1.7,1.4,39.0,Y,Non-Diabetic
M,60,7.5,83,2.8,1.9,1.3,2.0,0.8,35.0,Y,Diabetic
F,53,10.3,83,7.2,3.4,1.8,4.1,1.0,35.0,Y,Diabetic
M,55,5.2,67,5.9,2.0,0.8,4.2,0.9,29.0,Y,Diabetic
M,56,4.1,68,7.2,3.7,0.7,5.0,1.6,29.0,Y,Diabetic
M,65,5.0,97,4.3,4.3,1.4,1.5,2.0,27.0,Y,Diabetic
F,67,5.3,72,5.8,1.8,1.1,3.9,0.8,31.0,Y,Diabetic
M,51,7.3,65,3.8,3.8,1.0,1.1,1.7,31.0,Y,Diabetic
F,59,6.2,62,6.3,4.4,0.9,0.8,2.0,32.0,Y,Diabetic
M,52,4.7,56,4.7,1.7,1.2,2.8,0.7,26.0,Y,Diabetic
F,56,5.5,48,5.8,2.4,0.9,3.9,1.1,30.0,Y,Diabetic
M,55,11.1,139,4.8,2.2,0.9,3.0,1.0,26.0,Y,Diabetic
M,55,7.0,56,3.7,1.9,0.7,2.3,0.9,30.0,Y,Diabetic
M,59,4.6,53,5.4,3.0,1.2,3.0,1.3,29.0,Y,Diabetic
M,53,7.5,230,9.1,1.5,1.4,2.1,7.0,27.0,Y,Diabetic
M,61,4.7,58,4.4,2.1,0.7,2.9,0.9,26.0,Y,Pre-Diabetic
M,51,6.5,70,3.5,1.8,1.8,1.95,0.8,32.0,Y,Diabetic
F,55,4.0,56,6.4,4.1,1.0,3.5,1.9,29.0,Y,Diabetic
F,66,5.5,56,4.4,2.0,1.0,2.5,0.9,29.0,Y,Diabetic
M,76,5.9,56,4.6,7.0,0.6,1.3,3.1,33.0,Y,Diabetic
F,53,4.5,68,5.4,3.8,1.9,3.0,0.7,39.0,Y,Diabetic
M,55,4.66,95,5.3,2.03,1.2,3.2,14.0,29.36,Y,Diabetic
M,77,6.2,99,3.2,1.1,0.8,2.0,0.5,29.0,Y,Diabetic
M,50,2.6,106,6.3,4.4,1.0,3.6,1.7,24.0,Y,Non-Diabetic
M,26,7.5,79,3.5,2.0,2.0,0.9,0.5,28.0,Y,Diabetic
F,56,3.6,48,7.7,4.7,5.0,2.1,2.0,28.0,Y,Diabetic
M,55,4.0,71,4.8,2.2,1.1,2.8,15.4,34.05,Y,Diabetic
M,55,4.8,63,3.4,0.7,1.1,2.0,0.3,30.1,Y,Pre-Diabetic
M,60,14.5,179,5.0,1.8,1.1,1.0,0.8,33.0,Y,Diabetic
M,61,5.9,56,4.6,7.0,0.6,1.3,3.1,30.0,Y,Diabetic
M,55,5.4,62,5.3,2.0,1.0,3.5,0.9,30.1,Y,Diabetic
M,62,6.3,82,4.3,3.4,0.8,2.1,1.5,31.0,Y,Pre-Diabetic
F,54,3.8,59,6.5,2.6,1.4,4.0,1.1,33.0,Y,Diabetic
F,66,4.9,41,5.2,1.4,0.9,2.3,0.5,30.0,Y,Pre-Diabetic
M,55,10.3,198,4.2,3.8,1.6,3.0,0.8,32.0,Y,Diabetic
M,51,4.9,72,3.2,0.9,1.0,2.8,2.0,33.0,Y,Diabetic
M,59,4.0,56,4.9,2.1,1.1,2.5,0.9,28.0,Y,Diabetic
M,56,20.8,800,4.6,2.0,1.2,2.5,0.9,35.0,Y,Diabetic
M,61,0.5,59,4.5,1.8,1.0,2.7,0.8,38.0,Y,Diabetic
F,34,4.5,61,3.1,1.6,0.9,1.5,0.7,34.0,Y,Diabetic
F,60,3.7,53,5.8,2.0,1.4,2.0,1.5,36.0,Y,Diabetic
M,60,4.9,33,3.9,0.6,1.3,2.3,0.3,29.0,Y,Diabetic
M,50,5.8,61,2.0,1.2,1.3,3.0,0.8,21.0,N,Non-Diabetic
M,55,5.0,76,5.6,4.6,0.8,2.9,31.8,33.9,Y,Diabetic
M,55,3.66,60,7.3,1.6,1.2,5.5,11.3,47.75,Y,Diabetic
M,45,4.1,63,4.8,1.3,0.9,3.3,9.5,34.3,Y,Diabetic
M,63,4.4,57,9.8,1.9,1.1,7.9,0.8,35.0,Y,Diabetic
F,39,6.0,67,4.0,0.6,1.1,2.6,0.3,22.0,N,Non-Diabetic
M,52,11.0,26,6.8,3.7,0.9,1.7,1.6,29.0,Y,Diabetic
F,50,4.0,56,4.4,2.0,1.0,2.5,0.9,29.0,Y,Diabetic
M,51,3.7,58,6.2,1.5,1.6,1.7,1.5,35.0,Y,Diabetic
M,60,6.9,79,2.5,1.9,1.3,3.1,0.8,30.0,Y,Diabetic
F,73,3.1,50,3.4,1.5,1.2,2.9,1.1,22.0,Y,Diabetic
M,60,2.1,56,6.3,3.7,1.0,3.7,1.7,28.0,Y,Diabetic
F,53,10.3,132,7.1,2.6,1.3,0.9,1.0,32.0,Y,Diabetic
F,59,5.7,86,5.3,2.7,1.0,3.2,1.2,31.0,Y,Diabetic
M,40,22.0,159,3.1,1.6,1.1,1.3,0.7,24.0,N,Non-Diabetic
M,55,2.6,48,5.1,1.2,1.0,3.6,1.6,30.0,Y,Diabetic
M,69,5.9,71,5.4,1.3,1.7,3.1,0.6,33.0,Y,Diabetic
M,58,5.8,76,8.4,6.3,0.9,1.6,1.5,28.0,Y,Diabetic
M,67,7.8,99,2.7,1.0,0.8,1.4,0.5,29.63,Y,Diabetic
F,63,7.9,80,4.7,1.5,1.9,1.9,1.5,33.0,Y,Diabetic
F,58,5.0,62,5.8,3.6,1.1,1.9,0.6,31.0,Y,Diabetic
M,51,3.2,49,4.6,1.2,1.3,2.8,0.5,34.0,Y,Diabetic
M,55,5.6,46,5.3,3.7,1.1,2.8,1.7,30.0,Y,Diabetic
F,48,4.0,38,4.4,2.3,1.3,2.2,1.0,25.0,Y,Diabetic
F,54,4.3,44,5.4,2.0,1.0,3.5,0.9,30.0,Y,Diabetic
M,54,4.5,70,4.3,2.4,1.6,1.7,2.0,28.0,Y,Diabetic
M,55,5.7,76,5.5,1.5,0.7,4.1,0.7,29.0,Y,Diabetic
F,61,3.5,32,5.3,1.5,0.7,3.9,0.7,27.0,Y,Diabetic
M,53,4.2,55,5.0,2.5,1.3,2.3,1.6,30.0,Y,Diabetic
M,43,3.2,42,6.2,3.2,1.0,3.9,1.5,23.0,Y,Non-Diabetic
M,33,7.1,46,4.9,1.0,0.8,2.0,0.4,21.0,N,Non-Diabetic
M,55,5.3,49,5.6,5.5,0.7,2.6,2.5,32.0,Y,Diabetic
M,56,6.3,87,5.0,2.3,0.8,3.2,1.0,26.0,Y,Diabetic
M,57,4.1,70,5.4,1.2,1.0,3.8,0.5,32.0,Y,Diabetic
M,63,5.9,63,3.6,5.1,0.9,2.5,0.9,30.0,Y,Diabetic
F,55,4.7,34,5.1,4.5,0.6,2.7,2.0,31.0,Y,Diabetic
F,56,2.6,68,3.0,2.0,1.1,2.3,0.5,30.0,Y,Diabetic
M,55,3.8,50,5.7,4.5,1.0,3.0,2.1,32.0,Y,Diabetic
M,51,10.4,76,3.3,2.0,1.0,1.2,0.9,33.0,Y,Diabetic
M,60,7.5,70,3.4,5.3,1.1,3.6,0.8,24.0,N,Non-Diabetic
F,58,3.1,36,5.4,4.7,1.1,2.2,2.1,39.0,Y,Diabetic
F,60,5.6,72,4.4,2.1,1.1,2.5,0.9,26.0,Y,Diabetic
F,55,4.4,48,3.4,0.7,1.0,2.1,0.4,29.0,Y,Diabetic
F,61,10.5,111,3.8,3.0,0.9,1.7,1.3,39.0,Y,Diabetic
F,69,14.5,243,5.3,3.8,1.4,2.3,1.7,32.0,Y,Diabetic
M,49,3.8,60,4.7,1.8,0.7,3.3,0.8,24.0,N,Non-Diabetic
M,36,3.8,70,3.6,0.7,1.3,1.9,5.0,22.0,N,Non-Diabetic
M,61,3.6,67,5.1,1.4,0.9,5.6,2.0,39.0,Y,Diabetic
M,52,5.5,62,4.9,2.2,1.2,2.7,1.0,29.0,Y,Diabetic
F,63,6.6,96,5.8,1.7,1.7,3.4,0.8,32.0,Y,Diabetic
M,50,4.8,62,5.3,1.3,1.0,3.7,0.6,25.0,P,Pre-Diabetic
M,41,4.2,99,2.8,2.9,0.8,3.8,1.3,22.0,N,Non-Diabetic
F,61,3.7,51,6.4,1.8,3.2,2.5,0.8,30.0,Y,Pre-Diabetic
M,52,3.0,60,3.8,3.2,0.8,1.7,1.4,33.0,Y,Diabetic
F,58,3.3,30,6.3,2.4,1.9,0.75,1.1,27.0,Y,Diabetic
M,52,6.0,72,5.7,3.6,1.0,1.7,2.0,30.0,Y,Diabetic
F,54,4.3,44,5.4,2.0,1.0,3.5,0.9,30.0,Y,Diabetic
M,60,3.5,60,4.7,1.3,0.9,3.3,0.6,37.0,Y,Diabetic
M,55,7.0,56,3.7,1.9,0.7,2.3,0.9,27.0,Y,Diabetic
M,54,3.4,57,5.4,2.4,0.8,3.6,1.1,27.0,Y,Diabetic
F,54,4.3,44,5.4,2.0,1.0,3.5,0.9,27.3,Y,Diabetic
F,61,24.0,401,4.3,2.9,0.4,2.7,1.3,36.6,Y,Diabetic
M,58,5.9,61,4.3,2.4,0.9,2.0,1.1,29.0,Y,Diabetic
F,50,5.7,53,5.4,1.7,1.4,3.3,0.7,25.0,P,Pre-Diabetic
M,47,7.6,85,4.3,2.3,0.9,2.4,1.0,24.0,N,Non-Diabetic
M,53,2.0,55,4.4,3.3,0.9,2.1,1.5,32.0,Y,Diabetic
M,54,5.1,56,4.9,2.1,1.1,2.5,0.9,28.0,Y,Diabetic
M,50,4.8,62,5.3,1.3,1.0,3.7,0.6,25.0,P,Pre-Diabetic
F,70,11.0,53,7.4,3.3,0.8,4.0,0.8,22.0,Y,Diabetic
F,61,4.1,45,4.2,0.9,1.6,1.3,1.5,33.0,Y,Diabetic
F,61,4.2,69,6.1,6.8,0.8,3.3,2.6,29.0,Y,Diabetic
F,35,5.0,79,6.2,2.0,1.4,0.9,1.3,27.0,Y,Diabetic
F,35,3.9,38,3.8,5.9,0.5,4.3,1.0,22.0,N,Non-Diabetic
F,64,3.6,48,7.7,4.7,0.7,5.0,2.1,32.0,Y,Diabetic
F,50,3.5,39,4.0,1.5,1.2,2.2,0.7,24.0,N,Non-Diabetic
M,31,3.0,60,4.1,2.2,0.7,2.4,15.4,37.2,Y,Diabetic
F,45,4.7,31,3.8,0.7,1.3,2.2,0.3,24.0,N,Non-Diabetic
F,51,3.1,36,2.9,1.0,1.0,1.7,1.5,33.0,Y,Diabetic
M,59,5.2,56,4.9,2.1,1.1,2.5,0.9,28.0,Y,Diabetic
M,40,5.9,76,5.0,2.1,1.6,3.0,0.9,24.0,Y,Non-Diabetic
M,51,3.3,41,6.0,1.1,1.4,1.3,0.4,27.17,Y,Diabetic
M,34,7.7,80,5.1,1.2,1.4,0.9,1.5,21.0,Y,Non-Diabetic
F,57,2.1,44,5.2,1.1,1.0,3.7,0.5,27.0,Y,Diabetic
M,43,2.4,40,4.8,1.9,1.1,3.0,0.8,21.0,N,Non-Diabetic
M,54,3.3,46,4.3,1.6,1.1,2.0,1.8,35.0,Y,Diabetic
M,55,5.4,56,4.9,2.1,1.1,2.5,0.9,28.0,Y,Diabetic
M,60,7.5,83,4.6,4.6,0.6,2.7,1.4,33.0,Y,Diabetic
F,64,7.1,68,5.6,2.6,0.8,3.8,1.1,31.0,Y,Diabetic
M,54,5.4,68,1.2,0.7,1.0,0.5,1.5,33.0,Y,Non-Diabetic
M,55,2.9,44,4.1,1.0,1.1,2.1,0.5,29.0,Y,Diabetic
F,52,6.0,45,4.7,0.7,1.0,1.2,0.3,38.0,Y,Diabetic
M,51,6.5,70,3.5,1.8,1.8,1.95,0.8,32.0,Y,Diabetic
F,58,4.3,56,4.4,2.0,1.0,2.5,0.9,29.0,Y,Diabetic
F,63,4.8,52,4.8,1.5,1.0,3.1,0.6,28.0,Y,Diabetic
F,51,3.0,41,4.0,2.8,0.7,2.1,1.2,29.0,Y,Diabetic
M,31,3.0,60,4.1,2.2,0.7,2.4,15.4,37.2,Y ,Diabetic
F,59,6.0,28,6.1,4.4,1.2,1.3,2.0,29.0,Y,Diabetic
M,51,3.5,72,5.4,1.5,1.0,3.7,0.7,27.0,Y,Diabetic
M,57,4.8,72,4.5,1.6,2.1,1.9,0.7,34.0,Y,Diabetic
F,44,6.8,64,6.2,2.3,1.2,4.1,1.0,23.0,Y,Non-Diabetic
M,31,3.4,55,4.9,1.6,1.0,3.2,0.7,24.0,Y,Pre-Diabetic
F,60,5.1,45,5.2,1.5,1.6,1.8,1.0,39.0,Y,Pre-Diabetic
M,55,5.0,81,5.7,1.19,1.1,4.1,8.1,35.16,Y,Non-Diabetic
M,60,5.7,76,5.5,1.5,0.7,4.1,0.7,33.0,Y,Diabetic
F,51,4.5,34,4.7,2.5,3.4,1.1,1.5,37.0,Y,Diabetic
M,54,3.7,87,4.5,2.2,0.5,3.1,1.0,26.0,Y,Diabetic
M,54,4.3,90,9.2,1.2,1.6,2.4,2.0,36.0,Y,Diabetic
M,55,5.3,49,5.6,5.5,0.7,2.6,2.5,27.4,Y,Diabetic
M,34,3.9,81,6.2,3.9,0.8,3.8,1.8,23.0,P,Pre-Diabetic
M,55,6.66,61,2.5,4.9,0.8,0.5,33.6,29.0,Y,Diabetic
M,60,6.2,87,4.8,1.6,0.8,1.2,0.5,35.0,Y,Non-Diabetic
M,26,4.5,62,3.7,1.4,1.1,2.1,0.6,23.0,N,Non-Diabetic
M,55,6.9,80,7.3,1.2,1.5,1.6,0.5,29.0,Y,Diabetic
F,54,5.0,88,5.1,2.1,1.1,3.0,1.0,30.0,Y,Diabetic
F,52,3.3,37,3.1,1.0,0.8,1.9,0.5,32.0,Y,Diabetic
F,57,4.6,97,3.2,1.3,0.9,3.0,1.1,22.0,N,Non-Diabetic
F,33,1.8,31,3.7,1.2,1.6,1.5,0.5,31.5,Y,Diabetic
F,47,5.6,67,6.5,1.5,0.9,4.9,0.7,23.0,N,Non-Diabetic
F,58,3.7,36,4.2,0.5,0.9,3.1,0.2,36.0,Y,Diabetic
M,55,4.2,57,5.3,3.1,0.7,3.3,1.4,27.0,Y,Diabetic
M,55,5.5,74,4.3,1.6,0.8,3.6,0.6,27.0,Y,Diabetic
M,52,4.4,61,5.9,3.5,0.7,3.6,1.6,28.0,Y,Diabetic
M,56,4.1,68,7.2,3.7,0.7,5.0,1.6,29.0,Y,Diabetic
M,50,9.6,203,3.8,5.9,0.5,4.3,1.3,22.0,N,Non-Diabetic
F,61,5.1,72,4.4,2.1,1.1,2.5,0.9,26.0,Y,Diabetic
F,61,8.1,72,7.7,3.1,1.6,4.9,1.4,26.0,Y,Diabetic
F,58,3.0,50,4.4,1.6,1.0,4.1,1.0,27.0,Y,Diabetic
M,58,4.8,60,0.6,2.5,1.1,2.0,0.6,38.0,Y,Non-Diabetic
M,55,3.5,76,9.7,12.7,0.9,3.0,5.8,33.0,Y,Diabetic
M,57,2.0,77,5.5,1.9,1.0,3.7,0.9,33.0,Y,Diabetic
F,45,4.6,54,4.2,1.7,1.2,2.2,0.8,23.0,N,Non-Diabetic
M,54,5.5,69,6.3,6.8,0.7,2.4,3.1,29.0,Y,Diabetic
F,67,4.5,56,4.4,2.0,1.0,2.5,0.9,29.0,Y,Diabetic
M,57,5.3,66,3.7,2.9,1.1,5.5,1.3,36.0,Y,Diabetic
M,58,20.8,800,6.6,2.9,1.1,4.3,1.3,33.0,Y,Diabetic
M,35,4.8,64,3.7,1.0,1.2,2.0,7.2,27.3,Y,Diabetic
F,60,4.6,47,5.0,3.9,1.1,2.4,1.7,30.0,Y,Diabetic
M,55,3.1,39,5.0,2.5,1.9,2.9,0.7,27.0,Y,Diabetic
M,59,4.0,56,4.9,2.1,1.1,2.5,0.9,28.0,Y,Diabetic
F,57,4.3,41,5.5,1.1,1.4,1.7,2.0,31.0,Y,Diabetic
M,55,4.0,71,4.2,3.7,1.2,1.3,1.7,33.0,Y,Diabetic
M,51,5.5,83,6.4,2.3,2.3,3.2,1.0,33.0,Y,Diabetic
M,51,4.9,56,3.0,0.3,1.3,1.5,0.1,30.0,Y,Diabetic
F,69,6.1,49,8.0,4.8,1.3,4.8,2.2,34.0,Y,Diabetic
M,57,2.0,77,5.5,1.9,1.0,3.7,0.9,33.0,Y,Diabetic
M,55,7.8,99,2.7,1.0,0.8,1.4,0.5,28.0,Y,Diabetic
F,59,4.8,51,3.6,0.8,1.8,1.5,0.4,28.0,Y,Diabetic
M,51,3.4,40,2.6,1.1,0.6,1.5,0.5,26.0,Y,Diabetic
M,60,5.0,55,4.5,1.3,0.9,3.0,0.6,33.0,Y,Diabetic
M,30,4.8,80,5.5,1.8,1.2,3.5,0.8,25.0,Y,Non-Diabetic
F,52,2.6,30,5.4,2.1,0.9,0.9,2.0,37.0,Y,Diabetic
M,55,4.6,50,3.5,0.6,0.8,2.5,0.3,39.0,Y,Diabetic
F,57,7.7,62,3.3,1.4,1.1,1.6,0.6,32.0,Y,Diabetic
M,57,5.7,69,5.2,2.6,1.1,1.2,1.2,30.0,Y,Pre-Diabetic
M,56,5.9,68,5.1,2.5,0.7,3.4,1.1,26.0,Y,Diabetic
F,49,2.1,38,4.2,0.8,0.9,3.0,0.4,21.0,N,Non-Diabetic
F,54,1.2,25,2.0,1.9,0.9,2.5,0.7,33.0,Y,Diabetic
M,55,2.6,48,5.1,1.2,1.0,3.6,0.5,33.0,Y,Diabetic
F,53,4.3,44,5.8,1.7,1.1,3.9,0.9,38.0,Y,Diabetic
M,61,7.2,75,2.9,0.7,1.0,1.6,0.3,36.0,Y,Diabetic
F,61,2.1,23,4.1,4.2,1.2,1.4,1.1,28.0,Y,Diabetic
F,42,5.0,73,6.2,1.0,1.1,4.6,0.4,24.0,N,Non-Diabetic
M,60,6.5,30,5.9,3.4,0.8,3.7,0.5,30.0,Y,Diabetic
M,51,6.1,56,4.9,2.1,1.1,2.5,0.9,28.0,Y,Diabetic
M,45,5.3,77,3.9,1.5,1.3,2.0,10.4,29.5,Y,Diabetic
M,61,5.7,92,2.6,1.1,0.9,1.6,0.7,38.0,Y,Pre-Diabetic
F,50,2.5,79,7.4,3.3,0.8,4.0,0.8,22.0,Y,Diabetic
F,45,3.7,49,2.5,2.2,1.0,0.6,1.0,25.0,Y,Non-Diabetic
M,55,3.7,93,3.2,1.9,0.6,1.8,0.8,31.0,Y,Diabetic
M,55,5.1,39,4.2,1.2,1.4,3.0,2.0,38.0,Y,Diabetic
M,55,7.0,56,3.7,1.9,0.7,2.3,0.9,30.0,Y,Diabetic
F,52,3.6,46,5.2,3.3,0.9,1.7,1.5,36.0,Y,Diabetic
F,55,5.1,66,4.0,1.5,1.4,1.9,0.6,37.0,Y,Diabetic
F,55,5.3,33,4.5,1.4,1.9,2.1,0.6,26.0,Y,Diabetic
F,59,4.7,55,3.4,1.8,1.1,1.8,0.8,26.0,Y,Diabetic
F,55,2.6,36,6.3,1.5,2.6,1.9,0.6,30.0,Y,Diabetic
F,33,2.7,47,4.2,1.4,1.3,2.6,0.7,24.0,P,Pre-Diabetic
F,53,3.9,45,5.2,2.2,1.2,3.6,1.0,37.0,Y,Diabetic
M,45,4.3,71,5.6,2.0,1.1,3.0,1.0,19.0,Y,Diabetic
M,77,5.0,106,0.0,2.8,0.8,1.8,0.7,19.0,N,Non-Diabetic
F,51,3.4,49,7.0,2.7,1.0,4.8,1.2,26.0,Y,Diabetic
F,40,5.8,123,4.6,1.5,0.7,3.0,0.6,24.0,N,Non-Diabetic
F,54,8.6,75,4.6,2.6,0.9,1.3,1.0,36.0,Y,Diabetic
F,51,3.4,31,4.5,0.6,1.1,3.1,0.3,39.0,Y,Diabetic
F,48,4.0,38,4.4,2.3,1.3,2.2,1.0,25.0,Y,Diabetic
M,53,2.0,55,4.4,3.3,0.9,2.1,1.5,27.0,Y,Diabetic
F,39,3.0,38,4.7,1.3,1.1,3.1,0.6,22.0,P,Pre-Diabetic
F,57,3.2,31,6.1,2.6,0.9,4.1,1.1,30.1,Y,Diabetic
F,49,13.5,175,0.5,1.9,1.3,2.8,0.8,24.0,N,Non-Diabetic
M,63,5.9,63,3.6,5.1,0.9,2.5,0.9,30.0,Y,Diabetic
M,41,3.8,48,3.2,4.5,1.3,1.8,1.1,21.0,N,Non-Diabetic
M,31,3.4,55,4.9,1.6,1.0,3.2,0.7,24.0,P,Pre-Diabetic
F,52,6.0,76,2.7,1.2,0.8,1.4,0.5,31.0,Y,Pre-Diabetic
M,60,20.8,800,2.3,1.1,0.9,0.9,0.5,33.0,Y,Diabetic
F,52,7.6,84,4.2,2.0,0.7,2.6,0.9,36.0,Y,Diabetic
M,38,6.1,83,4.5,1.7,0.9,2.8,0.8,24.6,N ,Non-Diabetic
